0 0
0.5 2.42e+16
1 4.5614e+17
1.5 8.13999e+17
2 9.78083e+17
2.5 1.48519e+18
3 1.62561e+18
3.5 2.77405e+18
4 5.54071e+18
4.5 5.63731e+18
5 4.94175e+18
5.5 4.29292e+18
6 4.00179e+18
6.5 4.03065e+18
7 4.08678e+18
7.5 6.25461e+18
8 8.10444e+18
8.5 8.33206e+18
9 8.57932e+18
9.5 8.63684e+18
10 1.13442e+19
10.5 1.3675e+19
11 1.18641e+19
11.5 1.04902e+19
12 9.90806e+18
12.5 9.4769e+18
13 1.11006e+19
13.5 1.20401e+19
14 1.28243e+19
14.5 1.25719e+19
15 1.23705e+19
15.5 1.20198e+19
16 1.13374e+19
16.5 1.07741e+19
17 1.15927e+19
17.5 1.20361e+19
18 1.20129e+19
18.5 1.29967e+19
19 1.34971e+19
19.5 1.5134e+19
20 1.40073e+19
20.5 1.31502e+19
21 1.22215e+19
21.5 1.10657e+19
22 9.90697e+18
22.5 1.03643e+19
23 1.09627e+19
23.5 1.10384e+19
24 1.061e+19
24.5 1.02829e+19
25 1.03108e+19
25.5 9.42283e+18
26 8.29232e+18
26.5 7.28673e+18
27 6.48973e+18
27.5 5.75231e+18
28 5.46493e+18
28.5 8.23934e+18
29 8.2289e+18
29.5 6.71751e+18
30 5.50586e+18
30.5 4.67384e+18
31 4.24642e+18
31.5 4.48085e+18
32 4.961e+18
32.5 5.29988e+18
33 5.45501e+18
33.5 5.97002e+18
34 9.18916e+18
34.5 9.79309e+18
35 8.44237e+18
35.5 6.79635e+18
36 5.81293e+18
36.5 5.18183e+18
37 6.45429e+18
37.5 8.82849e+18
38 9.1657e+18
38.5 8.72155e+18
39 9.7696e+18
39.5 9.5885e+18
40 8.37834e+18
40.5 7.18579e+18
41 8.08821e+18
41.5 7.83005e+18
42 6.54766e+18
42.5 5.21429e+18
43 4.25318e+18
43.5 3.93032e+18
44 4.64165e+18
44.5 4.68209e+18
45 5.33752e+18
45.5 6.92943e+18
46 6.54873e+18
46.5 5.98097e+18
47 7.52076e+18
47.5 8.69901e+18
48 8.67262e+18
48.5 7.87553e+18
49 6.58217e+18
49.5 5.7454e+18
50 8.11258e+18
50.5 8.06403e+18
51 7.46531e+18
51.5 6.65523e+18
52 5.30927e+18
52.5 4.00872e+18
53 3.01739e+18
53.5 4.40822e+18
54 4.67157e+18
54.5 3.75743e+18
55 4.13098e+18
55.5 3.10949e+18
56 1.90095e+18
56.5 1.43454e+18
57 1.04042e+18
57.5 7.93126e+17
58 6.93374e+17
58.5 7.13681e+17
59 1.36187e+18
59.5 2.7216e+18
60 3.48465e+18
60.5 3.3748e+18
61 2.92666e+18
61.5 2.42587e+18
62 1.95757e+18
62.5 1.54112e+18
63 1.17296e+18
63.5 8.43879e+17
64 5.53054e+17
64.5 6.05336e+17
65 9.56898e+17
65.5 1.20337e+18
66 1.29412e+18
66.5 1.29991e+18
67 1.27679e+18
67.5 1.44625e+18
68 1.85853e+18
68.5 2.3393e+18
69 3.97291e+18
69.5 4.3094e+18
70 5.64094e+18
70.5 6.1848e+18
71 5.7886e+18
71.5 5.25704e+18
72 6.42881e+18
72.5 6.62176e+18
73 5.82775e+18
73.5 4.74862e+18
74 3.78357e+18
74.5 3.0609e+18
75 2.92609e+18
75.5 3.28245e+18
76 3.47105e+18
76.5 3.26713e+18
77 2.92793e+18
77.5 2.56778e+18
78 2.26216e+18
78.5 2.12168e+18
79 2.12946e+18
79.5 3.22857e+18
80 3.21047e+18
80.5 2.50207e+18
81 1.88318e+18
81.5 1.57432e+18
82 2.3172e+18
82.5 2.61864e+18
83 1.94479e+18
83.5 1.38552e+18
84 9.44568e+17
84.5 6.77992e+17
85 7.90097e+17
85.5 7.92358e+17
86 7.87458e+17
86.5 7.84211e+17
87 7.73391e+17
87.5 8.06279e+17
88 1.89724e+18
88.5 2.20815e+18
89 1.8133e+18
89.5 1.41406e+18
90 1.06622e+18
90.5 7.55016e+17
91 6.98541e+17
91.5 9.89898e+17
92 1.11811e+18
92.5 9.23727e+17
93 7.2937e+17
93.5 5.7397e+17
94 4.24653e+17
94.5 3.74863e+17
95 3.30309e+17
95.5 2.82277e+17
96 2.36116e+17
96.5 2.0927e+17
97 1.96712e+17
97.5 1.98876e+17
98 1.97918e+17
98.5 1.887e+17
99 1.82059e+17
99.5 1.72295e+17
100 1.62487e+17
100.5 1.50876e+17
101 1.4287e+17
101.5 1.30304e+17
102 1.42641e+17
102.5 2.24715e+17
103 2.63598e+17
103.5 2.61177e+17
104 5.73724e+17
104.5 7.91085e+17
105 6.89967e+17
105.5 5.39163e+17
106 4.04245e+17
106.5 2.92969e+17
107 1.98306e+17
107.5 1.17829e+17
108 1.5417e+17
108.5 5.12109e+17
109 4.1035e+17
109.5 2.62476e+17
110 1.5108e+17
110.5 6.30162e+16
111 2.17958e+16
111.5 4.06241e+16
112 6.1347e+16
112.5 7.71401e+16
113 8.69301e+16
113.5 9.80651e+16
114 1.12586e+17
114.5 1.2223e+17
115 1.32243e+17
115.5 1.52562e+17
116 1.87305e+17
116.5 2.41012e+17
117 2.56809e+17
117.5 2.44711e+17
118 2.23857e+17
118.5 1.997e+17
119 1.76849e+17
119.5 1.59922e+17
120 1.4078e+17
120.5 1.20412e+17
121 1.01148e+17
121.5 8.47482e+16
122 7.19536e+16
122.5 6.37137e+16
123 5.62875e+16
123.5 5.1262e+16
124 4.49642e+16
124.5 4.14882e+16
125 4.68249e+16
125.5 5.06028e+16
126 4.8674e+16
126.5 4.6023e+16
127 6.71404e+16
127.5 7.33378e+16
128 6.27169e+16
128.5 5.70892e+16
129 5.40438e+16
129.5 5.28087e+16
130 5.49332e+16
130.5 6.3331e+16
131 6.67517e+16
131.5 6.78493e+16
132 6.47148e+16
132.5 5.63208e+16
133 4.70333e+16
133.5 3.92294e+16
134 3.21685e+16
134.5 2.57117e+16
135 2.00483e+16
135.5 1.45233e+16
136 1.14126e+16
136.5 8.25745e+15
137 6.60746e+15
137.5 5.25093e+15
138 4.29814e+15
138.5 3.37924e+15
139 2.48681e+15
139.5 1.61374e+15
140 7.53151e+14
140.5 0
141 0
141.5 0
142 0
142.5 0
143 0
143.5 0
144 0
144.5 0
145 0
145.5 0
146 0
146.5 0
147 0
147.5 0
148 0
